# 障碍物数据 - 地图尺寸: 75x86
# 导出时间: 2025-10-30 17:56:57

# 障碍物地图 (1=障碍物, 0=可通行):
1111111100 0000000000 0000101000 0101000010 1000010100 0010100001 0100001010 00010
1000010100 0010100001 0100001010 0001010000 1010000101 0000101000 0101000010 10000
1010000101 0000101000 0101000010 1000010100 0010100001 0100001010 0001010000 10100
0010100001 0100001010 0001010000 1010000101 0000101000 0101000010 1000010100 00101
0000101000 0101000010 1000010100 0010100001 0100001010 0001010000 1010000101 00001
0100001010 0001010000 1010000101 0000101000 0101000010 1000010100 0010100001 01000
0101000010 1000010100 0010100001 0100001010 0001010000 1010000101 0000101000 01010
0001010000 1010000101 0000101000 0101000010 1000010100 0010100001 0100001010 00010
1000010100 0010100001 0100001010 0001010000 1010000101 0000101000 0101000010 10000
1010000101 0000101000 0101000010 1000010100 0010100001 0100001010 0001010000 10100
0010100001 0100001010 0001010000 1010000101 0000101000 0101000010 1000010100 00101
0000101000 0101000010 1000010100 0010100001 0100001010 0001010000 1010000101 00001
0100001010 0001010000 1010000101 0000101000 0101000010 1000010100 0010100001 01000
0101000010 1000010100 0010100001 0100001010 0001010000 1010000101 0000101000 01010
0001010000 1010000101 0000101000 0101000010 1000010100 0010100001 0100001010 00010
1000010100 0010100001 0100001010 0001010000 1010000101 0000101000 0101000010 10000
1010000101 0000101000 0101000010 1000010100 0010100001 0100001010 0001010000 10100
0010100001 0100001010 0001010000 1010000101 0000101000 0101000010 1000010100 00101
0000101000 0101000010 1000010100 0010100001 0100001010 0001010000 1010000101 00001
0100001010 0001010000 1010000101 0000101000 0101000010 1000010100 0010100001 01000
0101000010 1000010100 0010100001 0100001010 0001010000 1010000101 0000101000 01010
0001010000 1010000101 0000101000 0101000010 1000010100 0010100001 0100001010 00010
1000010100 0010100001 0100001010 0001010000 1010000101 0000101000 0101000010 10000
1010000101 0000101000 0101000010 1000010100 0010100001 0100001010 0001010000 10100
0010100001 0100001010 0001010000 1010000101 0000101000 0101000010 1000010100 00101
0000101000 0101000010 1000010100 0010100001 0100001010 0001010000 1010000101 00001
0100001010 0001010000 1010000101 0000101000 0101000010 1000010100 0010100001 01000
0101000010 1000010100 0010100001 0100001010 0001010000 1010000101 0000101000 01010
0001010000 1010000101 0000101000 0101000010 1000010100 0010100001 0100001010 00010
1000010100 0010100001 0100001010 0001010000 1010000101 0000101000 0101000010 10000
1010000101 0000101000 0101000010 1000010100 0010100001 0100001010 0001010000 10100
0010100001 0100001010 0001010000 1010000101 0000101000 0101000010 1000010100 00101
0000101000 0101000010 1000010100 0010100001 0100001010 0001010000 1010000101 00001
0100001010 0001010000 1010000101 0000101000 0101000010 1000010100 0010100001 01000
0101000010 1000010100 0010100001 0100001010 0001010000 1010000101 0000101000 01010
0001010000 1010000101 0000101000 0101000010 1000010100 0010100001 0100001010 00010
1000010100 0010100001 0100001010 0001010000 1010000101 0000101000 0101000010 10000
1010000101 0000101000 0101000010 1000010100 0010100001 0100001010 0001010000 10100
0010100001 0100001010 0001010000 1010000101 0000101000 0101000010 1000010100 00101
0000101000 0101000010 1000010100 0010100001 0100001010 0001010000 1010000101 00001
0100001010 0001010000 1010000101 0000101000 0101000010 1000010100 0010100001 01000
0101000010 1000010100 0010100001 0100001010 0001010000 1010000101 0000101000 01010
0001010000 1010000101 0000101000 0101000010 1000010100 0010100001 0100001010 00010
1000010100 0010100001 0100001010 0001010000 1010000101 0000101000 0101000010 10000
1010000101 0000101000 0101000010 1000010100 0010100001 0100001010 0001010000 10100
0010100001 0100001010 0001010000 1010000101 0000101000 0101000010 1000010100 00101
0000101000 0101000010 1000010100 0010100001 0100001010 0001010000 1010000101 00001
0100001010 0001010000 1010000101 0000101000 0101000010 1000010100 0010100001 01000
0101000010 1000010100 0010100001 0100001010 0001010000 1010000101 0000101000 01010
0001010000 1010000101 0000101000 0101000010 1000010100 0010100001 0100001010 00010
1000010100 0010100001 0100001010 0001010000 1010000101 0000101000 0101000010 10000
1010000101 0000101000 0101000010 1000010100 0010100001 0100001010 0001010000 10100
0010100001 0100001010 0001010000 1010000101 0000101000 0101000010 1000010100 00101
0000101000 0101000010 1000010100 0010100001 0100001010 0001010000 1010000101 00001
0100001010 0001010000 1010000101 0000101000 0101000010 1000010100 0010100001 01000
0101000010 1000010100 0010100001 0100001010 0001010000 1010000101 0000101000 01010
0001010000 1010000101 0000101000 0101000010 1000010100 0010100001 0100001010 00010
1000010100 0010100001 0100001010 0001010000 1010000101 0000101000 0101000010 10000
1010000101 0000101000 0101000010 1000010100 0010100001 0100001010 0001010000 10100
0010100001 0100001010 0001010000 1010000101 0000101000 0101000010 1000010100 00101
0000101000 0101000010 1000010100 0010100001 0100001010 0001010000 1010000101 00001
0100001010 0001010000 1010000101 0000101000 0101000010 1000010100 0010100001 01000
0101000010 1000010100 0010100001 0100001010 0001010000 1010000101 0000101000 01010
0001010000 1010000101 0000101000 0101000010 1000010100 0010100001 0100001010 00010
1000010100 0010100001 0100001010 0001010000 1010000101 0000101000 0101000010 10000
1010000101 0000101000 0101000010 1000010100 0010100001 0100001010 0001010000 10100
0010100001 0100001010 0001010000 1010000101 0000101000 0101000010 1000010100 00101
0000101000 0101000010 1000010100 0010100001 0100001010 0001010000 1010000101 00001
0100001010 0001010000 1010000101 0000101000 0101000010 1000010100 0010100001 01000
0101000010 1000010100 0010100001 0100001010 0001010000 1010000101 0000101000 01010
0001010000 1010000101 0000101000 0101000010 1000010100 0010100001 0100001010 00010
1000010100 0010100001 0100001010 0001010000 1010000101 0000101000 0101000010 10000
1010000101 0000101000 0101000010 1000010100 0010100001 0100001010 0001010000 10100
0010100001 0100001010 0001010000 1010000101 0000101000 0101000010 1000010100 00101
0000101000 0101000010 1000010100 0010100001 0100001010 0001010000 1010000101 00001
0100001010 0001010000 1010000101 0000101000 0101000010 1000010100 0010100001 01000
0101000010 1000010100 0010100001 0100001010 0001010000 1010000101 0000101000 01010
0001010000 1010000101 0000101000 0101000010 1000010100 0010100001 0100001010 00010
1000010100 0010100001 0100001010 0001010000 1010000101 0000101000 0101000010 10000
1010000101 0000101000 0101000010 1000010100 0010100001 0100001010 0001010000 10100
0010100001 0100001010 0001010000 1010000101 0000101000 0101000010 1000010100 00101
0000101000 0101000010 1000010100 0010100001 0100001010 0001010000 1010000101 00001
0100001010 0001010000 1010000101 0000101000 0101000010 1000010100 0010100001 01000
0101000010 1000010100 0010100001 0100001010 0001010000 1010000101 0000101000 01010
0001010000 1010000101 0000101000 0101000010 1000010100 0010100001 0100001010 00010
1000010100 0010100001 0100001010 0001010000 1010000101 0000101000 0101000010 10000

# 障碍物坐标列表:
0,0
1,0
2,0
3,0
4,0
5,0
6,0
7,0
24,0
26,0
31,0
33,0
38,0
40,0
45,0
47,0
52,0
54,0
59,0
61,0
66,0
68,0
73,0
0,1
5,1
7,1
12,1
14,1
19,1
21,1
26,1
28,1
33,1
35,1
40,1
42,1
47,1
49,1
54,1
56,1
61,1
63,1
68,1
70,1
0,2
2,2
7,2
9,2
14,2
16,2
21,2
23,2
28,2
30,2
35,2
37,2
42,2
44,2
49,2
51,2
56,2
58,2
63,2
65,2
70,2
72,2
2,3
4,3
9,3
11,3
16,3
18,3
23,3
25,3
30,3
32,3
37,3
39,3
44,3
46,3
51,3
53,3
58,3
60,3
65,3
67,3
72,3
74,3
4,4
6,4
11,4
13,4
18,4
20,4
25,4
27,4
32,4
34,4
39,4
41,4
46,4
48,4
53,4
55,4
60,4
62,4
67,4
69,4
74,4
1,5
6,5
8,5
13,5
15,5
20,5
22,5
27,5
29,5
34,5
36,5
41,5
43,5
48,5
50,5
55,5
57,5
62,5
64,5
69,5
71,5
1,6
3,6
8,6
10,6
15,6
17,6
22,6
24,6
29,6
31,6
36,6
38,6
43,6
45,6
50,6
52,6
57,6
59,6
64,6
66,6
71,6
73,6
3,7
5,7
10,7
12,7
17,7
19,7
24,7
26,7
31,7
33,7
38,7
40,7
45,7
47,7
52,7
54,7
59,7
61,7
66,7
68,7
73,7
0,8
5,8
7,8
12,8
14,8
19,8
21,8
26,8
28,8
33,8
35,8
40,8
42,8
47,8
49,8
54,8
56,8
61,8
63,8
68,8
70,8
0,9
2,9
7,9
9,9
14,9
16,9
21,9
23,9
28,9
30,9
35,9
37,9
42,9
44,9
49,9
51,9
56,9
58,9
63,9
65,9
70,9
72,9
2,10
4,10
9,10
11,10
16,10
18,10
23,10
25,10
30,10
32,10
37,10
39,10
44,10
46,10
51,10
53,10
58,10
60,10
65,10
67,10
72,10
74,10
4,11
6,11
11,11
13,11
18,11
20,11
25,11
27,11
32,11
34,11
39,11
41,11
46,11
48,11
53,11
55,11
60,11
62,11
67,11
69,11
74,11
1,12
6,12
8,12
13,12
15,12
20,12
22,12
27,12
29,12
34,12
36,12
41,12
43,12
48,12
50,12
55,12
57,12
62,12
64,12
69,12
71,12
1,13
3,13
8,13
10,13
15,13
17,13
22,13
24,13
29,13
31,13
36,13
38,13
43,13
45,13
50,13
52,13
57,13
59,13
64,13
66,13
71,13
73,13
3,14
5,14
10,14
12,14
17,14
19,14
24,14
26,14
31,14
33,14
38,14
40,14
45,14
47,14
52,14
54,14
59,14
61,14
66,14
68,14
73,14
0,15
5,15
7,15
12,15
14,15
19,15
21,15
26,15
28,15
33,15
35,15
40,15
42,15
47,15
49,15
54,15
56,15
61,15
63,15
68,15
70,15
0,16
2,16
7,16
9,16
14,16
16,16
21,16
23,16
28,16
30,16
35,16
37,16
42,16
44,16
49,16
51,16
56,16
58,16
63,16
65,16
70,16
72,16
2,17
4,17
9,17
11,17
16,17
18,17
23,17
25,17
30,17
32,17
37,17
39,17
44,17
46,17
51,17
53,17
58,17
60,17
65,17
67,17
72,17
74,17
4,18
6,18
11,18
13,18
18,18
20,18
25,18
27,18
32,18
34,18
39,18
41,18
46,18
48,18
53,18
55,18
60,18
62,18
67,18
69,18
74,18
1,19
6,19
8,19
13,19
15,19
20,19
22,19
27,19
29,19
34,19
36,19
41,19
43,19
48,19
50,19
55,19
57,19
62,19
64,19
69,19
71,19
1,20
3,20
8,20
10,20
15,20
17,20
22,20
24,20
29,20
31,20
36,20
38,20
43,20
45,20
50,20
52,20
57,20
59,20
64,20
66,20
71,20
73,20
3,21
5,21
10,21
12,21
17,21
19,21
24,21
26,21
31,21
33,21
38,21
40,21
45,21
47,21
52,21
54,21
59,21
61,21
66,21
68,21
73,21
0,22
5,22
7,22
12,22
14,22
19,22
21,22
26,22
28,22
33,22
35,22
40,22
42,22
47,22
49,22
54,22
56,22
61,22
63,22
68,22
70,22
0,23
2,23
7,23
9,23
14,23
16,23
21,23
23,23
28,23
30,23
35,23
37,23
42,23
44,23
49,23
51,23
56,23
58,23
63,23
65,23
70,23
72,23
2,24
4,24
9,24
11,24
16,24
18,24
23,24
25,24
30,24
32,24
37,24
39,24
44,24
46,24
51,24
53,24
58,24
60,24
65,24
67,24
72,24
74,24
4,25
6,25
11,25
13,25
18,25
20,25
25,25
27,25
32,25
34,25
39,25
41,25
46,25
48,25
53,25
55,25
60,25
62,25
67,25
69,25
74,25
1,26
6,26
8,26
13,26
15,26
20,26
22,26
27,26
29,26
34,26
36,26
41,26
43,26
48,26
50,26
55,26
57,26
62,26
64,26
69,26
71,26
1,27
3,27
8,27
10,27
15,27
17,27
22,27
24,27
29,27
31,27
36,27
38,27
43,27
45,27
50,27
52,27
57,27
59,27
64,27
66,27
71,27
73,27
3,28
5,28
10,28
12,28
17,28
19,28
24,28
26,28
31,28
33,28
38,28
40,28
45,28
47,28
52,28
54,28
59,28
61,28
66,28
68,28
73,28
0,29
5,29
7,29
12,29
14,29
19,29
21,29
26,29
28,29
33,29
35,29
40,29
42,29
47,29
49,29
54,29
56,29
61,29
63,29
68,29
70,29
0,30
2,30
7,30
9,30
14,30
16,30
21,30
23,30
28,30
30,30
35,30
37,30
42,30
44,30
49,30
51,30
56,30
58,30
63,30
65,30
70,30
72,30
2,31
4,31
9,31
11,31
16,31
18,31
23,31
25,31
30,31
32,31
37,31
39,31
44,31
46,31
51,31
53,31
58,31
60,31
65,31
67,31
72,31
74,31
4,32
6,32
11,32
13,32
18,32
20,32
25,32
27,32
32,32
34,32
39,32
41,32
46,32
48,32
53,32
55,32
60,32
62,32
67,32
69,32
74,32
1,33
6,33
8,33
13,33
15,33
20,33
22,33
27,33
29,33
34,33
36,33
41,33
43,33
48,33
50,33
55,33
57,33
62,33
64,33
69,33
71,33
1,34
3,34
8,34
10,34
15,34
17,34
22,34
24,34
29,34
31,34
36,34
38,34
43,34
45,34
50,34
52,34
57,34
59,34
64,34
66,34
71,34
73,34
3,35
5,35
10,35
12,35
17,35
19,35
24,35
26,35
31,35
33,35
38,35
40,35
45,35
47,35
52,35
54,35
59,35
61,35
66,35
68,35
73,35
0,36
5,36
7,36
12,36
14,36
19,36
21,36
26,36
28,36
33,36
35,36
40,36
42,36
47,36
49,36
54,36
56,36
61,36
63,36
68,36
70,36
0,37
2,37
7,37
9,37
14,37
16,37
21,37
23,37
28,37
30,37
35,37
37,37
42,37
44,37
49,37
51,37
56,37
58,37
63,37
65,37
70,37
72,37
2,38
4,38
9,38
11,38
16,38
18,38
23,38
25,38
30,38
32,38
37,38
39,38
44,38
46,38
51,38
53,38
58,38
60,38
65,38
67,38
72,38
74,38
4,39
6,39
11,39
13,39
18,39
20,39
25,39
27,39
32,39
34,39
39,39
41,39
46,39
48,39
53,39
55,39
60,39
62,39
67,39
69,39
74,39
1,40
6,40
8,40
13,40
15,40
20,40
22,40
27,40
29,40
34,40
36,40
41,40
43,40
48,40
50,40
55,40
57,40
62,40
64,40
69,40
71,40
1,41
3,41
8,41
10,41
15,41
17,41
22,41
24,41
29,41
31,41
36,41
38,41
43,41
45,41
50,41
52,41
57,41
59,41
64,41
66,41
71,41
73,41
3,42
5,42
10,42
12,42
17,42
19,42
24,42
26,42
31,42
33,42
38,42
40,42
45,42
47,42
52,42
54,42
59,42
61,42
66,42
68,42
73,42
0,43
5,43
7,43
12,43
14,43
19,43
21,43
26,43
28,43
33,43
35,43
40,43
42,43
47,43
49,43
54,43
56,43
61,43
63,43
68,43
70,43
0,44
2,44
7,44
9,44
14,44
16,44
21,44
23,44
28,44
30,44
35,44
37,44
42,44
44,44
49,44
51,44
56,44
58,44
63,44
65,44
70,44
72,44
2,45
4,45
9,45
11,45
16,45
18,45
23,45
25,45
30,45
32,45
37,45
39,45
44,45
46,45
51,45
53,45
58,45
60,45
65,45
67,45
72,45
74,45
4,46
6,46
11,46
13,46
18,46
20,46
25,46
27,46
32,46
34,46
39,46
41,46
46,46
48,46
53,46
55,46
60,46
62,46
67,46
69,46
74,46
1,47
6,47
8,47
13,47
15,47
20,47
22,47
27,47
29,47
34,47
36,47
41,47
43,47
48,47
50,47
55,47
57,47
62,47
64,47
69,47
71,47
1,48
3,48
8,48
10,48
15,48
17,48
22,48
24,48
29,48
31,48
36,48
38,48
43,48
45,48
50,48
52,48
57,48
59,48
64,48
66,48
71,48
73,48
3,49
5,49
10,49
12,49
17,49
19,49
24,49
26,49
31,49
33,49
38,49
40,49
45,49
47,49
52,49
54,49
59,49
61,49
66,49
68,49
73,49
0,50
5,50
7,50
12,50
14,50
19,50
21,50
26,50
28,50
33,50
35,50
40,50
42,50
47,50
49,50
54,50
56,50
61,50
63,50
68,50
70,50
0,51
2,51
7,51
9,51
14,51
16,51
21,51
23,51
28,51
30,51
35,51
37,51
42,51
44,51
49,51
51,51
56,51
58,51
63,51
65,51
70,51
72,51
2,52
4,52
9,52
11,52
16,52
18,52
23,52
25,52
30,52
32,52
37,52
39,52
44,52
46,52
51,52
53,52
58,52
60,52
65,52
67,52
72,52
74,52
4,53
6,53
11,53
13,53
18,53
20,53
25,53
27,53
32,53
34,53
39,53
41,53
46,53
48,53
53,53
55,53
60,53
62,53
67,53
69,53
74,53
1,54
6,54
8,54
13,54
15,54
20,54
22,54
27,54
29,54
34,54
36,54
41,54
43,54
48,54
50,54
55,54
57,54
62,54
64,54
69,54
71,54
1,55
3,55
8,55
10,55
15,55
17,55
22,55
24,55
29,55
31,55
36,55
38,55
43,55
45,55
50,55
52,55
57,55
59,55
64,55
66,55
71,55
73,55
3,56
5,56
10,56
12,56
17,56
19,56
24,56
26,56
31,56
33,56
38,56
40,56
45,56
47,56
52,56
54,56
59,56
61,56
66,56
68,56
73,56
0,57
5,57
7,57
12,57
14,57
19,57
21,57
26,57
28,57
33,57
35,57
40,57
42,57
47,57
49,57
54,57
56,57
61,57
63,57
68,57
70,57
0,58
2,58
7,58
9,58
14,58
16,58
21,58
23,58
28,58
30,58
35,58
37,58
42,58
44,58
49,58
51,58
56,58
58,58
63,58
65,58
70,58
72,58
2,59
4,59
9,59
11,59
16,59
18,59
23,59
25,59
30,59
32,59
37,59
39,59
44,59
46,59
51,59
53,59
58,59
60,59
65,59
67,59
72,59
74,59
4,60
6,60
11,60
13,60
18,60
20,60
25,60
27,60
32,60
34,60
39,60
41,60
46,60
48,60
53,60
55,60
60,60
62,60
67,60
69,60
74,60
1,61
6,61
8,61
13,61
15,61
20,61
22,61
27,61
29,61
34,61
36,61
41,61
43,61
48,61
50,61
55,61
57,61
62,61
64,61
69,61
71,61
1,62
3,62
8,62
10,62
15,62
17,62
22,62
24,62
29,62
31,62
36,62
38,62
43,62
45,62
50,62
52,62
57,62
59,62
64,62
66,62
71,62
73,62
3,63
5,63
10,63
12,63
17,63
19,63
24,63
26,63
31,63
33,63
38,63
40,63
45,63
47,63
52,63
54,63
59,63
61,63
66,63
68,63
73,63
0,64
5,64
7,64
12,64
14,64
19,64
21,64
26,64
28,64
33,64
35,64
40,64
42,64
47,64
49,64
54,64
56,64
61,64
63,64
68,64
70,64
0,65
2,65
7,65
9,65
14,65
16,65
21,65
23,65
28,65
30,65
35,65
37,65
42,65
44,65
49,65
51,65
56,65
58,65
63,65
65,65
70,65
72,65
2,66
4,66
9,66
11,66
16,66
18,66
23,66
25,66
30,66
32,66
37,66
39,66
44,66
46,66
51,66
53,66
58,66
60,66
65,66
67,66
72,66
74,66
4,67
6,67
11,67
13,67
18,67
20,67
25,67
27,67
32,67
34,67
39,67
41,67
46,67
48,67
53,67
55,67
60,67
62,67
67,67
69,67
74,67
1,68
6,68
8,68
13,68
15,68
20,68
22,68
27,68
29,68
34,68
36,68
41,68
43,68
48,68
50,68
55,68
57,68
62,68
64,68
69,68
71,68
1,69
3,69
8,69
10,69
15,69
17,69
22,69
24,69
29,69
31,69
36,69
38,69
43,69
45,69
50,69
52,69
57,69
59,69
64,69
66,69
71,69
73,69
3,70
5,70
10,70
12,70
17,70
19,70
24,70
26,70
31,70
33,70
38,70
40,70
45,70
47,70
52,70
54,70
59,70
61,70
66,70
68,70
73,70
0,71
5,71
7,71
12,71
14,71
19,71
21,71
26,71
28,71
33,71
35,71
40,71
42,71
47,71
49,71
54,71
56,71
61,71
63,71
68,71
70,71
0,72
2,72
7,72
9,72
14,72
16,72
21,72
23,72
28,72
30,72
35,72
37,72
42,72
44,72
49,72
51,72
56,72
58,72
63,72
65,72
70,72
72,72
2,73
4,73
9,73
11,73
16,73
18,73
23,73
25,73
30,73
32,73
37,73
39,73
44,73
46,73
51,73
53,73
58,73
60,73
65,73
67,73
72,73
74,73
4,74
6,74
11,74
13,74
18,74
20,74
25,74
27,74
32,74
34,74
39,74
41,74
46,74
48,74
53,74
55,74
60,74
62,74
67,74
69,74
74,74
1,75
6,75
8,75
13,75
15,75
20,75
22,75
27,75
29,75
34,75
36,75
41,75
43,75
48,75
50,75
55,75
57,75
62,75
64,75
69,75
71,75
1,76
3,76
8,76
10,76
15,76
17,76
22,76
24,76
29,76
31,76
36,76
38,76
43,76
45,76
50,76
52,76
57,76
59,76
64,76
66,76
71,76
73,76
3,77
5,77
10,77
12,77
17,77
19,77
24,77
26,77
31,77
33,77
38,77
40,77
45,77
47,77
52,77
54,77
59,77
61,77
66,77
68,77
73,77
0,78
5,78
7,78
12,78
14,78
19,78
21,78
26,78
28,78
33,78
35,78
40,78
42,78
47,78
49,78
54,78
56,78
61,78
63,78
68,78
70,78
0,79
2,79
7,79
9,79
14,79
16,79
21,79
23,79
28,79
30,79
35,79
37,79
42,79
44,79
49,79
51,79
56,79
58,79
63,79
65,79
70,79
72,79
2,80
4,80
9,80
11,80
16,80
18,80
23,80
25,80
30,80
32,80
37,80
39,80
44,80
46,80
51,80
53,80
58,80
60,80
65,80
67,80
72,80
74,80
4,81
6,81
11,81
13,81
18,81
20,81
25,81
27,81
32,81
34,81
39,81
41,81
46,81
48,81
53,81
55,81
60,81
62,81
67,81
69,81
74,81
1,82
6,82
8,82
13,82
15,82
20,82
22,82
27,82
29,82
34,82
36,82
41,82
43,82
48,82
50,82
55,82
57,82
62,82
64,82
69,82
71,82
1,83
3,83
8,83
10,83
15,83
17,83
22,83
24,83
29,83
31,83
36,83
38,83
43,83
45,83
50,83
52,83
57,83
59,83
64,83
66,83
71,83
73,83
3,84
5,84
10,84
12,84
17,84
19,84
24,84
26,84
31,84
33,84
38,84
40,84
45,84
47,84
52,84
54,84
59,84
61,84
66,84
68,84
73,84
0,85
5,85
7,85
12,85
14,85
19,85
21,85
26,85
28,85
33,85
35,85
40,85
42,85
47,85
49,85
54,85
56,85
61,85
63,85
68,85
70,85
# 总计: 1844 个障碍物
